4.98901
4.86742
4.2495
2.13654
2.05538
2.04934
1.95187
1.84429
1.70356
1.61248
1.45636
1.34297
1.30275
1.28337
1.27343
1.26297
1.25021
1.23504
1.22892
1.22678
1.22515
1.22136
0
0
0
0
0
0
0
0
0
0
1.60466
1.60466
1.60466
1.60466
1.60466
1.60466
1.60466
1.60466
1.60466
1.60466
1.60466
1.60466
1.60466
1.60466
0.470213
0.390979
0
0.101688
0.0880178
0.0880178
0.0880178
0
0
4.99291
2.89667
2.39477
2.37869
2.37118
2.37055
2.23462
2.0332
1.88504
1.58535
1.53418
1.53022
1.46081
1.40882
1.34304
1.21807
1.01217
0.749557
0.699878
0.619052
0.615557
0.61152
0.603872
0.586696
0.576045
0.557751
0.541748
0.524068
0.507019
0.474411
0.377232
0.309675
0
0
0
0.119525
0.119525
0.119525
0.119525
0
0.0154299
0.0143652
0.0107931
0.00925167
0.00436157
0
1.7861
1.63422
1.53492
1.45061
1.37457
1.2939
1.2887
1.28751
1.2769
1.24361
1.20455
1.15364
1.09622
1.03974
0.990086
0.92316
0.712667
0.675199
0.647743
0.642673
0.642206
0.628601
0.610838
0.596643
0.575409
0.550592
0.514862
0.461449
0.381515
0
0
0
4.98971
4.00551
3.99852
3.99849
3.33791
3.32608
3.32458
2.93594
2.37835
2.18987
2.18987
2.10304
1.9718
1.84535
1.70372
1.55983
1.42888
1.1758
1.1758
1.16541
1.11409
1.05005
1.02291
0.961756
0.904405
0.803759
0.68858
0.504316
0.4597
0
0.0415
0.0415
0
0
0
0
4.99135
4.25717
4.25366
4.24763
3.36303
3.36013
3.35124
2.88693
2.28374
2.1225
2.1206
2.11685
2.10538
2.09599
2.09433
2.07828
2.07668
2.04214
2.02719
2.0043
0
0.0170847
0.013804
0.0104743
0.0057249
0
0
0
0
0
0
0
0
0
0
0
4.99031
4.98734
4.07353
4.06749
2.72534
2.66561
2.65932
2.37476
2.16055
1.99472
1.72148
1.63085
1.62328
1.59196
1.56573
1.55581
1.53755
1.50055
1.49264
1.48952
0
0
0
0
0
0.0208537
0.015882
0.00985071
0.00487739
0
0
0
0
0
0.309384
0.309384
0.309384
0.309384
0
4.9907
4.33835
4.33835
3.4766
3.19409
3.1737
3.15264
3.13144
0.00682934
0.00257114
0
0
0
0
4.98418
4.97978
3.32995
2.95604
2.92425
2.91975
2.68179
2.41662
2.20635
2.19997
2.1957
2.19154
1.98824
1.85192
1.6992
1.54607
1.39564
1.23641
1.05924
0.96107
0.781736
0.65111
0.49028
0
0
0
0.119257
0.119257
0
0
0.0282769
0.026094
0.0226455
0.0190957
0.0156966
0.0104903
0.00712107
0.00397173
0
0
1.35575
1.35575
1.35575
1.35575
1.35575
1.35575
0
4.98931
4.91734
4.87801
3.93518
3.87867
3.87637
3.87039
3.86786
3.08272
2.51279
2.50425
2.49732
2.29592
2.11304
1.84346
1.71735
1.71479
1.71118
1.69757
1.69564
1.68251
1.57703
1.48683
1.42117
1.32744
1.23537
1.09114
0.911872
0.788203
0.610265
0.549069
0.448752
0.362006
0.181787
0
0
0
0
0
0
0
0.389566
0.37573
0.367287
0.363425
0.354323
0.346215
0.33125
0.322592
0.30565
0.277706
0.227433
0
0
0
0.0473683
0.0473683
0.0473683
0.0473683
0.0473683
0.0473683
0.0473683
0.0473683
0.0473683
0.0473683
0.0473683
0.0473683
0.0473683
0.0473683
4.98989
4.98552
4.12637
4.11938
3.33645
3.33022
2.98073
2.43888
1.92613
1.78144
1.74977
1.72348
1.70522
1.69373
1.68032
0
0.0016561
0
0
0.0146255
0.00945383
0.00512803
0
0
0
0
4.99479
4.9912
4.10169
4.09696
4.09346
4.08951
3.79189
3.63984
3.27182
3.26536
2.84245
2.47331
2.47122
2.44996
2.43802
2.43551
2.17789
1.9518
1.70029
1.50616
1.46695
1.44765
1.44061
1.35258
1.29315
1.24567
1.15839
1.09586
1.01028
0.890049
0.747708
0.631323
0.559726
0.507133
0.453354
0.441485
0.441378
0.432198
0.41974
0.412501
0.400136
0.376846
0.345761
0.295046
0
0
0
0.00425247
0
0
0.0912821
0.0912821
0.0912821
0.0912821
0.0772819
0.0772819
0.0772819
0
0
0
0
0
0
4.98743
4.34206
4.3362
4.32975
3.48449
3.47871
3.47764
3.08301
2.69904
2.68852
2.68377
2.66998
2.39905
2.0575
1.81565
1.7683
1.74775
1.68737
1.4976
1.3977
1.22833
1.0902
0.912939
0.588417
0.462279
0.345327
0.199076
0
0
0
0
0
0
0
4.98744
4.30007
4.29252
3.67849
3.67375
2.83171
2.58887
2.58353
2.58196
2.57709
2.57317
2.56987
2.56046
2.29228
2.10665
1.27887
1.22209
1.1979
1.17091
1.13332
1.07957
1.01264
0.904568
0.711579
0.575741
0.472462
0.372212
0.304389
0.254205
0.209569
0.205877
0.205877
0.202133
0.19928
0.194232
0.1925
0.185325
0.174837
0.164521
0.144625
0.123581
0.10259
0.095401
0.088213
0.0743835
0.069281
0.0587779
0.0497597
0
0.633905
0.613585
0.596249
0.585195
0.574201
0.571273
0.567403
0.56382
0.559279
0.543377
0.527982
0.519975
0.50517
0.494218
0.482546
0.470847
0.452578
0.443551
0.426245
0.408829
0.385339
0.339712
0.320949
0.304173
0.303443
0.30025
0.296739
0.291725
0.27764
0.271415
0.270123
0.266057
0.250809
0.245918
0.210862
0.185884
0.177085
0.173223
0.170079
0.167039
0.166911
0.161178
0.151542
0.129477
0.121156
0.00791882
0.00453051
0
0
0
0
0
0
0
0
0
0.00658433
0.00146389
0
0
0
0
0.00648437
0
0
0
0
0
0
0
0
0
0
0
0
0
0
0
0
0
4.98709
4.34657
4.34091
3.56968
3.46912
3.45094
3.41032
0
0.0713779
0.0613059
0.0551645
0.0483654
0.0449285
0.0386673
0.0324706
0.0287272
0.0250932
0.0205714
0.0178095
0.0140986
0.0103538
0.00365149
0
0
0
4.99712
4.98834
4.98577
4.98376
4.1082
4.10293
3.0655
3.0597
2.75273
2.28009
2.16294
2.15484
2.14587
2.13602
2.1303
2.12639
1.99006
1.53102
1.40917
1.28846
1.13021
1.0062
0.992099
0.981329
0.976535
0.975348
0.962744
0.926185
0.910346
0.904179
0.00752192
0.00309545
0
0
0
0
0
0.00278285
0
0
0
0
0
0
0
0
4.99039
4.98539
4.28282
4.2758
3.13608
2.64492
2.63805
2.35915
2.12239
1.94393
1.74553
1.43759
1.2551
0.949945
0.674803
0.370554
0
0.0878366
0.0878366
0.0878366
0.0878366
0
4.98681
4.24669
4.24178
3.41112
3.40045
3.39867
3.39379
3.02164
2.77445
2.74874
2.74599
2.74002
2.73963
2.49484
2.2204
2.03561
1.8006
1.55421
1.16314
0.944264
0.891847
0.882319
0.870551
0.844323
0.83741
0.807967
0.80311
0.782906
0
0
0
0
0
0.0157047
0.0157047
0
0
0
0
0.215482
0.215482
0.207429
0.207429
0.207429
0
4.99027
4.98458
4.21414
4.20878
3.42852
3.34886
3.34121
2.94467
2.90336
2.38684
2.04024
1.99584
1.97853
1.97059
1.94995
0
0
0.0356731
0.0344579
0.0344579
0.0344579
0.0344579
0.0344579
0.0344579
0.0344579
0
0
0
4.9914
4.35103
4.34905
3.64621
3.6406
3.02224
2.87342
2.87174
2.86014
2.8557
2.84718
2.84252
2.63263
2.29888
1.85112
1.60682
1.44836
1.4373
1.42386
1.41586
1.38895
0
0
0
0
0
0
0
4.93822
4.9346
4.22695
4.22284
3.15786
3.15043
2.79498
2.40037
1.81278
1.78398
1.67873
1.63352
1.6085
1.59476
1.59154
0.00709205
0.00510136
0
0
0
0
0.0904413
0.0814973
0.0721763
0.0704715
0.0691698
0.0681509
0.0677087
0.0628887
0.0601327
0.0581314
0.0568026
0.0539562
0.0528496
0.0473553
0.0408112
0.0345851
0.0267519
0.0213792
0.016221
0.0114916
0.00927416
0.00297675
0
0
0
0
0
0
0.0492514
0.0445682
0.0401868
0.0362872
0.0308649
0.0297517
0.026098
0.0218783
0.0189276
0.0145168
0.0115137
0.00582091
0
0
0
0
0
0
0
0
4.98923
3.40945
3.14272
3.13377
2.67927
2.43519
2.10013
2.0065
1.99994
1.88984
1.61409
1.46566
1.33331
1.22114
1.15777
1.06035
0.931696
0.6079
0.383596
0
0.147367
0.147367
0.147367
0.147367
0.933899
0.834354
0.782958
0.776961
0.742532
0.71699
0.71699
0.699991
0.667584
0.647439
0.634311
0.617258
0.586796
0.517936
0.438631
0
0
0
4.98575
4.98494
4.10771
4.10264
3.32553
3.27441
3.26971
2.87476
2.54078
2.53289
2.50717
1.92338
1.67697
1.43425
1.27385
0.829013
0.594769
0.319727
0
0.579104
0.579104
0
0
4.99049
4.35301
4.34887
4.25976
3.41898
3.4138
2.99382
2.55286
2.52581
2.44868
2.43841
2.43618
2.43316
2.38246
2.38037
2.37324
0
0
0
0
0
0.0602001
0.0518718
0.0506293
0.0423813
0.0350528
0.0261931
0.0227286
0.0196633
0.0168492
0.0134384
0.00642047
0.00207757
0
0
0
0
0
0
0
0
0.00338095
0
0.0310146
0.0310146
0.0310146
0.0310146
0.0310146
0.0310146
0.0310146
0.0310146
0
0
4.98985
3.99114
3.98678
3.98632
2.83798
2.83293
2.60331
2.35375
2.17852
2.1752
2.15913
2.15319
2.14173
2.13842
2.12375
2.1194
2.08599
0
0
0
0
0.00137474
0
0
0.00526559
0.00378424
0
0
0
0
0
4.98993
4.98993
3.86055
3.39876
3.39211
3.38412
3.3832
2.92487
2.66673
2.16984
2.14139
1.77875
1.37728
1.27807
1.26791
1.19873
1.15269
1.12073
1.11383
1.09096
1.06077
0.016614
0.0139371
0.0116241
0.00845963
0.0048969
0
0
0
0
0
0
0.265574
0.265574
0
0
0.659374
0.506455
0.435152
0.407984
0.305234
0.278975
0.267411
0.267411
0.260823
0.256613
0.253212
0.244441
0.235745
0.228921
0.216632
0.202897
0.170427
0.14172
0
0
4.98524
4.98367
4.37567
4.36992
3.22059
3.2146
2.88794
2.57464
2.30489
1.91617
1.5424
1.10234
0.964589
0.929036
0.918359
0.882949
0.866233
0.0219643
0.0194437
0.0169751
0.0137397
0.0109375
0.00598815
0
0
0
0
0
0
0.156545
0.156545
0
4.98569
4.98419
4.13474
3.80325
3.79857
3.79638
3.23593
3.04052
3.02918
2.78354
2.51423
2.49923
2.49321
2.34848
2.18178
2.0115
1.82078
1.6508
1.45811
1.24008
1.0703
0.881647
0.738264
0.58064
0.293529
0.280588
0.279065
0.276505
0.273265
0.270131
0.262311
0.258837
0.253805
0.244569
0.217578
0.211283
0.205692
0.199873
0.199741
0.196017
0.193614
0.191522
0.18809
0.184236
0.180501
0.174947
0.160945
0.12876
0
0
0
0
0.00415176
0
0
0
0
0.463983
0
0.00255409
0
4.98779
4.98531
4.41299
4.40934
3.74586
3.73857
2.96787
2.81739
2.60338
2.58951
2.55235
2.52245
2.52242
0
0
0
0.141404
0.141404
0
4.99234
4.33036
4.32677
3.30066
3.28966
3.28433
2.90218
2.55435
2.25583
2.25338
2.24688
2.22537
2.2087
2.20179
2.19933
2.1641
2.15408
2.13825
2.1319
2.11927
2.1136
0
0
0.00268031
0
0
0.016561
0.0129016
0.00865018
0.00439926
0
0
0
0
0
0.00132153
0
0
0
0
4.99061
4.31156
4.30351
4.1927
3.20081
3.19241
2.9108
2.52698
2.18136
1.99258
1.96294
1.85085
1.7286
1.61707
1.44962
1.32636
1.23624
1.0166
0.887386
0.681245
0.527834
0.459692
0.439471
0.425091
0.405489
0.40091
0.393501
0.367946
0.349929
0.337701
0.322237
0.312811
0.297557
0.293493
0.286873
0.265022
0.26366
0.257101
0.252671
0.243199
0.235661
0.230851
0.21994
0.208649
0.208065
0.165517
0.154763
0.144002
0.137789
0.134565
0.127574
0.111997
0.11015
0.107003
0.102707
0.0948059
0.0880485
0.079272
0.0680368
0.0660475
0.0600989
0.0551817
0.0470911
0.04381
0.0404426
0.0370956
0.029452
0.0236804
0.0196607
0.014956
0.0101048
0.00485431
0
0
0.0029229
0
0
0
0
0
0
0.0019115
0
0
0
0
0
0
0
0
0
0.0048779
0
0.0194097
0.014895
0.0107322
0.00547675
0
0
0
0
0
0
0
0
0.0127277
0.00964871
0.0016206
0
0
0
0
0
0
0
0.00340391
0
0
0
0
0
0
0
0
0
0.193558
0.193558
0.193558
0.193558
0.0935679
0.0935679
0.0935679
0.0935679
0.0935679
0.0935679
4.99011
4.43831
4.4341
3.74291
3.73399
3.11309
2.64301
2.62957
2.61276
2.34172
2.12368
1.92667
1.68277
1.65483
1.65053
1.64596
1.64076
1.6097
1.60303
1.57623
0
0
0
0
0
0
0.00668606
0
4.99285
4.31395
4.30888
3.8143
2.88787
2.87348
2.87342
2.57589
2.41983
2.41114
2.24667
2.09422
1.88718
1.7292
1.32463
1.15981
1.15792
1.1451
0.976414
0.972199
0.969789
0.944709
0.927559
0.922477
0.915836
0.913209
0
0
0.00393026
0
0
0
0
0.138471
0.134107
0.122876
0.117184
0.102367
0.0932202
0.0893515
0.0748136
0.0722092
0.0650346
0.0565512
0.0503852
0.0446184
0.0376569
0.0330085
0.0292093
0.0241158
0.0197955
0.0133553
0.00727322
0.00475632
0
0
0
0.00740661
0.00290319
0
0
0
0
0
0
0
0
0
0
0
0.375932
0.344402
0.29941
0
4.99181
4.10079
3.73941
3.73374
3.37099
2.84806
2.6662
2.65951
2.38216
2.10851
1.93803
1.77868
1.38854
1.38504
1.36249
1.30201
1.25534
1.20866
1.12741
1.04194
0.894896
0.756793
0.542214
0
0.0406927
0.0406927
0.116918
0.116918
0.116918
0
0.12536
0
4.98776
4.057
4.04636
4.04513
3.28029
3.18395
3.17601
2.85424
2.44768
2.41208
2.39157
2.2219
2.03605
1.85794
1.47816
1.32868
1.30312
1.27385
1.2541
1.24697
1.1876
1.18476
1.17576
0
0.0442009
0.0396472
0.0346158
0.0302993
0.0272046
0.0234245
0.0206521
0.016972
0.0141219
0.0121037
0.00816609
0.00389473
0.00118107
0
0
0
0
0.00255147
0
0
0
0.0104982
0.0073968
0.001731
0
0
4.99736
4.98914
4.35398
4.35154
4.3466
3.89152
3.53106
3.30586
3.30265
3.29964
3.29732
2.88491
2.64079
2.61796
2.61749
2.43918
2.32836
2.13201
1.9648
1.96051
1.93204
1.92441
1.80251
1.65448
1.50626
1.37777
1.26109
1.17133
1.06905
0.853945
0.770959
0.681668
0.582935
0.476397
0
0.0101798
0.00550539
0
0
0
0
0
0
0
0
0
0.201657
0.201657
0.201657
0.201657
0.129599
0.129599
0.129599
0
0
0
4.99175
4.2755
4.26922
4.26859
3.56344
3.33122
3.33004
3.32569
2.89295
2.54689
2.42608
2.38563
2.374
2.33503
2.33184
0
0
0
0
0.0592618
0.0592618
0.0592618
0.0592618
0.0592618
0.0592618
0
0
0
4.99204
4.98654
4.9856
3.72299
3.5151
3.51012
2.99662
2.81532
2.80789
2.5652
2.215
1.87466
0.981177
0.580219
0.152874
0
0
0
0.6854
0.496081
0.340128
0.0919226
0
0.016443
0.016443
0
0
0.701134
0.650809
0.549282
0.503701
0.458337
0.364408
0.273378
0
0
0
4.99382
4.98804
4.41107
4.40534
4.07768
3.41678
3.41016
3.00299
2.59297
2.25766
2.24786
2.23838
2.22696
2.19451
0
0
0
0.0566524
0.0566524
0.0566524
0.049198
0
0
0
0
0
4.99114
4.31591
4.3107
3.56199
3.55857
3.54978
3.17167
2.6936
2.57968
2.57524
2.5677
2.56194
2.54704
2.53357
2.52571
2.50517
2.49717
0
0
0
0
0
0
0
0
4.98822
4.28662
4.0841
4.08169
4.07661
3.46344
3.45253
3.44839
3.04964
2.69778
2.68418
2.66422
2.65567
2.64883
2.62737
2.61307
2.60959
2.59497
0
0
0.00939181
0.00360867
0
0
0
0
0
0
0
0.24238
0.24238
0.24238
0.24238
0.24238
0.24238
0.24238
0.24238
4.9923
3.43264
3.41934
3.415
3.02057
2.64316
2.63639
2.25101
1.91835
1.70085
1.65871
1.65555
1.64657
1.63982
1.63501
1.62936
1.61064
1.59905
1.57654
1.56129
1.55174
1.54327
0.00374534
0
0
0
0
0.00884686
0.0027532
0.00157427
0
0
0
0
0
0
0
0.732883
0.732883
0.732883
0.732883
0.732883
0.732883
0.732883
0.732883
4.99008
4.98742
4.35153
4.3466
4.3465
3.64057
3.63348
3.09752
2.54794
2.03868
2.01587
2.00487
1.99109
1.98297
1.97267
1.95465
1.95327
0
0
0
0
0
0
0
4.98848
4.86211
4.36594
4.3596
4.35549
2.0274
1.81676
1.81263
1.80504
1.71207
1.6434
1.47248
1.39672
1.22367
1.05482
0.959838
0.825083
0.660877
0.512375
0.462781
0.452137
0.443041
0.428483
0.427969
0.418805
0.413069
0.394266
0.383856
0.373704
0.362069
0.352476
0.349205
0.340328
0.331901
0.315463
0.302054
0.30056
0.25917
0.216699
0.200276
0.198597
0.185861
0
0.0140078
0.00928146
0.00737983
0.00548002
0
0
0
0.0109579
0.00750608
0.00407854
0
0
0
0
0
0
0.00588453
0.00588453
0
0
1.60913
1.54024
1.46809
1.4002
1.35301
1.2836
1.15643
1.05585
0.923924
0.712722
0.530688
0.0480925
0
0
0.0410209
0.0410209
0.0410209
0.0410209
0.0410209
0
0
4.98881
4.70853
4.1363
4.1319
4.12926
3.39828
3.39174
3.38813
3.38773
2.93027
2.77229
2.7519
2.74635
2.38055
2.15011
1.77832
1.67115
1.66944
1.66316
1.65039
1.63717
1.61584
1.60718
1.60421
1.59836
1.58491
0
0
0
0
0
0
0
0
0.00349753
0
0
0
0
0
0.157534
0.157534
0.157534
0.157534
0.157534
0.157534
4.98891
4.42015
4.41587
3.70453
3.70062
3.69661
3.38116
2.97733
2.38354
1.92315
1.34814
0.615139
0
0.361948
0.361948
0.361948
0.361948
0.0515429
0.0515429
0.0515429
0.0515429
0.0515429
0.0515429
0.0515429
0.0515429
0.0515429
0.0515429
0
4.99255
4.98571
4.05023
4.0431
3.26643
3.25631
3.25072
3.25039
2.8705
2.64242
2.64083
2.61182
2.37246
2.14716
1.93424
1.75845
1.55797
1.35731
1.11503
0.908945
0.754809
0.534117
0.532474
0.519862
0.51059
0.503641
0.49081
0.485646
0.462828
0.461737
0.449533
0.437048
0.251221
0.230128
0.206424
0.160341
0
0.0146853
0.00979475
0.0042901
0
0
0
0
0
0
0.00534923
0
0
0
0
0
4.98718
4.98535
4.39962
4.39529
4.39096
3.65469
3.6494
2.53389
1.96659
1.92487
1.90193
1.77084
1.68211
1.5867
1.29667
1.19164
1.08768
0.949664
0.560565
0.346387
0.183591
0
0.187195
0.187195
0.457656
0
0
0
4.98709
4.3112
4.30804
4.30291
3.31941
3.31198
2.93876
2.46057
2.41969
2.41148
2.40052
2.39695
2.3945
2.39042
2.36972
2.1807
1.99621
1.85717
1.72404
1.55651
1.52582
1.49208
1.47316
1.46324
1.44954
1.44346
1.43751
1.43423
0
0
0
0
0
0
0
0
0
0
0
0
0
4.98971
4.9891
4.43336
4.39471
4.3944
3.22411
3.22013
2.9254
2.64866
2.29726
1.94859
1.82262
1.81625
1.81365
1.80795
1.60152
1.53492
1.46226
1.37265
1.15107
1.00316
0.934023
0.826758
0.713746
0.574719
0.561421
0.551333
0.536528
0.521459
0.514272
0.501603
0.480016
0.461136
0.438144
0.409053
0.391563
0.379927
0.35947
0.355539
0.339148
0.33046
0.319701
0.316764
0.296921
0.284044
0.264143
0.205011
0.166797
0
0
0
0.0328091
0.0279087
0.0215158
0.0164781
0.0146507
0.0111678
0.00839495
0.00359854
0
0
0
0
0
0
4.99744
4.99022
4.32826
4.32135
3.54553
3.15626
3.14887
2.90434
2.60407
2.21175
1.95646
1.65359
1.64029
1.58727
0
0
0
0
4.9953
4.98702
4.35092
4.32604
4.32482
3.66743
3.66319
3.02371
2.83933
2.81954
2.79916
2.79498
2.75563
0
0
0
0.0168535
0.00921278
0.0040492
0
0
